47 42 84 104 105 115 115 111 102 116 119 97 114 101 99 111 100 101 105 115 112 114 111 118 105 100 101 100 97 115 111 112 101 110 115 111 117 114 99 101 115 111 102 116 119 97 114 101 46 78 111 113 117 101 115 116 105 111 110 115 119 105 108 108 98 101 
97 110 115 119 101 114 101 100 114 101 108 97 116 105 110 103 116 111 97 110 121 112 97 114 116 111 102 116 104 105 115 115 111 102 116 119 97 114 101 44 102 111 114 97 110 121 114 101 97 115 111 110 46 

77 117 99 104 108 111 118 101 44 
104 116 116 112 115 58 47 47 103 105 116 104 117 98 46 99 111 109 47 97 108 101 120 45 116 105 116 117 115 
103 99 99 45 111 116 97 115 107 55 116 97 115 107 55 46 99 124 114 109 97 115 99 105 105 55 
42 47 
35 105 110 99 108 117 100 101 60 115 116 100 108 105 98 46 104 62 
35 105 110 99 108 117 100 101 60 115 116 100 105 111 46 104 62 
35 105 110 99 108 117 100 101 60 117 110 105 115 116 100 46 104 62 
35 105 110 99 108 117 100 101 60 102 99 110 116 108 46 104 62 

105 110 116 109 97 105 110 40 105 110 116 97 114 103 99 44 99 104 97 114 42 42 97 114 103 118 41 123 
117 109 97 115 107 40 48 41 59 
105 110 116 98 82 101 97 100 59 
99 104 97 114 98 91 49 93 59 

105 110 116 102 100 49 61 111 112 101 110 40 97 114 103 118 91 49 93 44 79 95 82 68 79 78 76 89 41 59 
105 110 116 102 100 50 61 111 112 101 110 40 97 114 103 118 91 50 93 44 79 95 67 82 69 65 84 124 79 95 87 82 79 78 76 89 44 48 55 55 55 41 59 

100 117 112 50 40 102 100 50 44 49 41 59 
119 104 105 108 101 40 40 98 82 101 97 100 61 114 101 97 100 40 102 100 49 44 98 44 49 41 41 62 48 41 123 
105 102 40 98 91 48 93 61 61 49 48 41 123 
112 114 105 110 116 102 40 34 92 110 34 41 59 
125 101 108 115 101 105 102 40 98 91 48 93 61 61 51 50 41 123 
112 114 105 110 116 102 40 34 34 41 59 
125 101 108 115 101 123 
112 114 105 110 116 102 40 34 37 100 34 44 98 91 48 93 41 59 
125 
125 

114 101 116 117 114 110 48 59 
125 
